87
107
107
108
107
107
107
109
108
108
109
109
109
110
150
108
106
104
102
98
104
114
121
123
124
119
103
102
102
107
115
118
118
118
118
119
122
126
127
126
126
126
127
126
127
127
126
127
126
126
127
126
127
127
127
129
134
138
139
139
139
139
139
139
139
141
141
143
145
149
154
157
160
166
168
169
169
169
174
192
202
208
212
212
212
212
212
213
225
232
234
237
246
259
274
284
290
300
312
326
337
350
364
387
405
424
441
450
465
488
502
515
537
569
596
602
608
618
633
646
652
660
669
676
677
677
677
676
676
677
676
677
677
677
676
676
676
676
676
676
676
676
676
676
676
676
676
676
676
673
664
659
659
659
659
654
646
640
637
629
621
610
598
587
580
572
567
549
528
511
506
506
506
506
502
499
496
489
483
483
483
481
477
475
468
459
449
447
444
444
440
437
437
438
438
438
440
444
444
444
444
444
444
430
415
412
411
411
411
412
412
403
396
392
383
362
348
332
324
323
321
315
307
294
283
278
274
261
245
234
225
223
217
216
215
215
208
193
184
180
176
168
161
160
159
155
155
155
155
143
124
114
112
109
110
109
117
131
138
135
130
125
125
125
125
126
128
126
126
127
126
126
127
126
126
127
127
117
117
119
129
130
131
130
130
130
125
125
115
115
115
115
115
115
115
115
115
114
2
122
122
122
123
122
122
122
127
135
159
115
123
117
115
115
115
115
115
115
115
115
115
115
115
114
111
122
139
140
142
142
143
144
144
143
143
146
157
162
153
142
148
148
153
131
114
104
104
115
125
134
147
159
168
169
158
155
156
156
158
164
165
158
156
156
156
154
152
154
173
190
191
194
195
199
209
226
246
244
245
248
240
253
274
279
280
300
327
343
358
376
393
413
427
442
462
483
498
529
555
574
592
612
633
650
666
685
691
671
642
641
644
660
674
689
690
677
668
669
680
692
701
703
703
697
687
687
686
685
687
686
686
686
686
685
686
685
683
683
682
665
656
655
654
648
637
626
618
611
602
597
585
568
561
551
540
533
523
510
499
495
489
488
488
481
480
469
462
460
460
459
460
460
457
453
451
440
438
439
438
439
438
439
439
439
439
439
439
439
439
439
439
432
416
415
413
407
385
366
352
351
342
342
342
337
325
315
310
303
294
284
270
254
245
240
234
219
208
196
184
181
181
181
176
149
143
143
131
128
128
128
128
128
128
128
127
115
109
113
114
116
118
118
122
128
130
130
130
130
128
128
129
129
129
129
122
122
123
138
139
139
139
140
139
138
132
132
132
133
125
125
119
120
120
120
121
121
178
158
165
172
191
161
179
171
177
169
170
169
168
169
170
169
172
171
165
149
149
146
139
138
143
165
168
167
167
158
159
160
160
161
161
160
161
162
163
156
150
148
148
148
148
147
149
140
120
122
117
113
110
107
105
121
123
122
121
126
131
132
131
131
131
136
135
142
150
157
161
161
161
161
162
162
171
174
185
191
198
210
222
221
222
222
227
242
249
257
270
277
287
297
302
312
329
351
369
386
407
417
432
448
461
479
494
507
521
547
575
599
619
624
624
625
625
646
670
683
700
711
711
706
706
705
704
700
696
693
693
697
710
714
714
705
705
706
707
707
706
701
700
701
701
694
688
679
678
675
668
667
667
664
654
638
628
618
597
593
583
574
567
550
542
534
522
515
512
510
509
507
504
502
502
502
498
487
480
477
474
471
468
465
459
456
448
445
443
444
442
441
426
421
426
444
453
456
452
442
438
438
438
438
434
421
407
396
386
367
345
338
332
334
333
332
327
298
280
267
257
257
258
257
257
247
241
242
241
239
236
228
222
220
212
202
186
179
175
169
160
154
151
150
149
146
142
142
142
143
142
143
140
130
129
129
124
124
125
123
126
125
129
130
128
134
128
136
131
132
131
129
126
114
110
112
117
124
126
132
134
131
129
128
127
124
123
117
104
103
104
104
122
117
117
118
118
118
118
118
124
127
128
128
128
129
128
128
129
130
134
137
137
137
131
130
131
130
130
130
131
131
131
131
135
139
139
140
139
141
148
156
158
158
158
158
157
158
158
158
151
150
149
149
149
149
149
149
148
147
146
146
145
146
146
145
146
149
149
151
153
154
156
169
185
190
190
190
190
190
190
190
194
206
223
236
244
248
251
253
255
260
265
276
287
306
322
340
358
375
393
413
434
456
477
498
515
538
562
587
617
643
657
662
662
659
659
673
680
680
685
687
698
707
707
703
702
701
700
694
688
680
677
687
703
703
702
699
709
709
712
705
693
682
681
677
671
671
671
668
667
656
643
643
642
639
638
627
617
604
596
590
584
574
559
538
527
521
513
508
505
499
489
482
477
474
471
468
464
456
452
451
449
446
445
445
437
429
427
427
437
461
483
483
473
458
457
458
455
454
453
452
444
412
407
407
407
407
402
401
401
397
393
388
385
384
380
370
356
347
342
326
311
310
309
306
300
269
262
259
254
232
222
207
190
171
167
164
165
163
158
158
137
136
131
133
136
135
135
135
135
132
121
107
107
108
129
143
144
142
135
123
122
122
123
122
123
126
128
128
128
128
131
132
137
139
138
130
129
127
121
120
124
131
129
128
110
110
110
110
110
110
110
112
111
111
111
111
111
111
111
113
114
114
114
114
131
132
132
132
129
130
132
138
145
152
158
153
144
144
150
160
140
116
102
92
100
107
119
121
125
129
132
139
143
135
122
110
117
126
128
128
130
136
140
138
136
136
135
138
139
140
141
148
148
153
164
164
164
164
165
166
175
185
194
200
200
201
201
202
202
218
237
251
262
268
271
272
282
298
314
327
342
357
366
376
388
403
417
430
445
458
472
482
498
525
560
593
606
617
626
637
652
665
671
671
664
674
681
682
680
676
678
698
700
700
688
685
685
686
686
687
698
696
691
685
685
685
685
684
685
684
683
683
684
682
680
681
682
679
668
659
653
640
631
620
613
602
590
577
570
564
554
541
527
516
512
512
507
501
495
489
484
479
471
466
462
455
453
452
449
446
437
429
420
409
394
370
362
356
355
418
435
444
448
448
461
464
480
489
479
461
455
443
432
428
412
384
377
371
355
345
333
325
320
315
314
306
291
281
269
252
242
239
230
228
226
207
195
185
169
152
142
143
155
176
182
184
174
169
159
151
153
116
113
114
112
99
99
98
98
96
96
94
101
110
110
110
111
107
107
108
109
109
109
110
109
105
104
101
101
105
108
110
110
110
110
110
111
110
111
111
112
112
128
131
132
132
128
113
113
113
113
113
113
114
114
117
120
130
132
134
129
130
160
121
123
118
118
110
109
109
110
112
165
98
98
97
97
99
101
102
102
104
106
111
115
116
116
116
121
126
130
130
130
132
135
141
143
144
147
160
166
196
174
173
172
170
170
170
170
170
170
173
181
194
169
170
169
169
174
169
167
168
167
168
169
175
225
168
170
157
156
156
155
155
154
154
154
154
155
155
155
161
161
161
167
171
185
198
210
218
224
238
247
253
266
274
280
285
289
301
317
323
329
348
373
393
403
403
397
393
393
393
390
390
388
390
375
372
387
402
409
402
396
393
394
393
377
365
360
359
381
390
356
337
320
298
291
289
274
259
246
237
231
230
230
229
229
224
219
218
217
211
206
199
189
181
178
175
175
175
173
165
164
164
162
151
151
151
151
156
156
156
158
158
161
161
165
164
155
147
146
146
140
134
133
131
131
132
132
131
131
124
124
123
123
123
120
119
119
119
119
113
110
105
104
110
109
109
114
118
118
118
118
117
117
112
112
112
113
113
113
112
112
112
112
112
112
112
119
117
117
119
121
119
119
118
117
106
106
109
108
111
116
118
118
122
124
123
118
118
116
107
113
123
118
121
126
127
127
128
121
118
118
108
109
103
92
88
87
89
120
120
120
120
120
120
120
123
125
125
125
124
125
125
125
124
124
121
130
130
138
139
138
138
132
123
121
122
119
118
118
106
103
103
106
115
115
116
122
123
124
127
118
111
110
101
122
135
140
137
123
111
104
124
139
141
128
119
108
108
112
123
124
124
124
122
119
118
112
121
134
140
132
124
121
122
118
110
111
136
127
146
146
143
133
125
122
112
123
145
144
141
155
151
147
143
131
128
121
123
140
140
140
145
132
127
115
117
130
141
138
133
137
134
139
125
123
125
122
146
132
134
127
127
121
114
108
97
107
138
153
155
128
114
103
105
122
132
132
133
132
128
128
128
126
126
126
126
126
126
126
122
120
114
112
111
111
110
110
109
110
109
109
106
99
98
104
108
108
106
93
93
95
110
113
113
110
110
103
102
97
103
108
116
122
114
113
113
110
107
115
122
123
119
119
119
119
119
119
119
119
119
118
111
109
107
107
112
133
138
144
140
133
128
118
117
119
134
137
140
128
127
121
119
129
137
134
151
143
129
138
137
137
132
127
122
120
117
117
118
118
120
120
117
117
117
117
117
117
116
116
105
103
105
105
105
106
106
106
118
119
116
117
104
95
97
109
119
128
130
116
111
102
101
96
101
104
109
110
101
102
95
97
98
98
100
107
108
