111
111
112
111
112
111
112
112
112
112
112
112
112
112
112
110
109
109
108
108
108
108
108
109
117
123
124
127
125
126
132
141
157
130
120
106
109
108
108
118
112
110
110
110
111
112
110
112
111
114
116
116
116
115
116
115
122
135
139
138
139
137
137
143
150
154
160
159
154
153
149
150
153
151
161
173
180
186
188
187
191
193
196
201
214
224
239
245
254
266
276
297
322
346
363
380
400
425
448
472
497
524
550
569
593
630
669
692
706
707
701
701
723
746
746
747
748
752
764
770
771
770
778
794
793
793
792
793
792
792
792
792
792
790
790
790
790
789
790
790
790
790
791
791
793
792
792
792
788
780
773
772
772
771
770
768
761
749
735
719
702
702
700
700
696
675
663
652
647
641
628
615
606
602
600
580
569
559
548
547
547
549
539
520
519
519
515
515
512
511
506
495
485
495
506
515
518
519
518
517
517
517
516
493
475
466
466
473
478
479
480
481
463
444
439
440
442
454
431
421
419
418
406
397
395
393
386
375
366
352
350
347
338
326
322
310
297
284
263
244
235
239
240
238
222
194
179
167
159
157
147
135
126
130
130
133
128
127
129
121
108
111
115
113
111
92
86
80
74
73
73
79
85
89
86
87
90
85
86
91
95
93
89
88
86
88
87
85
102
99
103
105
113
108
114
105
89
85
84
84
85
130
140
144
141
142
120
120
119
135
140
139
140
139
138
138
137
138
139
140
141
141
142
142
143
165
175
171
183
169
172
165
166
160
167
168
164
165
163
160
152
144
141
140
141
152
154
154
155
136
134
134
134
142
144
144
143
145
150
154
160
161
162
176
187
198
205
205
207
209
208
208
207
211
211
211
148
160
239
241
271
281
297
332
389
426
475
486
514
533
549
563
591
627
673
719
750
751
752
754
750
763
792
796
796
793
792
794
795
796
800
815
815
816
814
814
815
815
815
811
812
812
811
809
807
805
806
807
808
808
811
812
810
796
793
794
795
792
792
792
794
796
792
774
771
772
773
764
761
758
751
737
724
706
696
687
673
668
658
651
640
617
602
594
592
592
592
575
573
575
573
568
560
556
555
556
554
554
532
530
526
526
523
528
531
530
530
529
528
529
528
528
522
508
497
498
498
497
498
497
496
496
478
458
453
451
450
450
447
436
426
417
412
397
379
371
364
363
361
351
345
336
323
313
305
291
278
256
226
199
190
189
183
171
168
160
157
156
155
142
133
134
134
134
128
130
130
131
132
132
133
134
135
134
136
137
137
138
136
126
126
127
133
142
146
138
128
129
131
125
126
126
128
132
132
135
113
113
114
113
113
113
113
127
143
146
147
127
120
111
111
124
127
127
129
129
129
129
129
128
129
130
131
132
142
137
134
132
131
131
132
131
131
130
131
132
136
137
137
137
138
140
141
141
140
140
140
141
141
145
147
146
143
135
134
134
135
148
155
159
159
160
159
159
159
159
169
181
184
184
185
187
188
196
205
214
221
225
227
229
232
252
260
262
263
280
303
326
343
358
377
409
432
449
467
484
502
535
563
593
617
644
667
682
692
700
709
729
745
758
765
766
771
785
785
784
784
784
825
848
847
844
830
830
826
826
825
812
812
811
811
811
811
811
811
811
811
810
810
808
808
809
808
800
787
777
770
771
771
779
781
780
757
749
746
746
741
739
734
717
706
705
703
693
672
664
656
636
619
610
594
591
584
572
567
556
541
532
529
529
529
537
538
538
540
540
540
537
537
536
534
531
532
533
534
533
531
530
530
528
524
486
480
479
479
482
485
485
485
471
467
451
451
451
452
440
433
422
415
403
396
387
371
365
364
364
364
349
338
331
326
319
305
290
269
257
247
231
207
185
174
172
166
154
142
133
131
131
131
131
131
131
131
131
130
128
129
128
129
128
127
127
127
127
127
127
126
127
126
126
126
126
126
112
102
105
101
115
130
138
138
118
110
110
42
141
141
142
141
142
141
141
141
142
140
148
145
144
145
145
145
145
143
142
143
141
122
141
138
150
152
130
129
131
130
134
137
137
141
130
129
129
128
126
125
125
133
144
147
154
159
162
138
128
132
155
170
176
162
150
142
142
147
163
172
147
137
135
131
147
164
171
172
148
141
151
171
160
164
171
175
191
215
220
224
224
226
236
244
260
285
303
316
315
313
322
344
364
382
402
422
445
468
497
532
561
585
602
617
646
674
704
729
732
732
732
748
762
762
762
762
786
798
800
800
800
799
794
786
781
781
804
820
824
820
804
801
801
802
813
819
818
818
814
804
791
788
789
805
813
813
804
801
800
800
800
792
779
767
754
750
750
764
771
763
751
740
734
728
720
711
696
681
668
664
664
661
647
637
624
614
606
596
584
574
562
550
546
543
543
548
549
532
528
550
570
569
563
568
556
549
544
543
537
537
537
536
536
552
562
544
533
525
514
503
495
482
482
482
481
466
452
443
436
421
415
411
401
394
394
381
369
356
350
344
343
344
337
316
305
293
285
279
258
246
238
225
202
180
168
160
161
160
147
143
142
143
143
128
121
121
122
121
122
97
113
135
149
152
126
122
119
128
141
113
111
102
100
94
100
108
116
115
114
120
127
129
125
116
116
117
116
22
122
122
122
122
123
122
128
131
131
127
125
126
126
126
125
125
124
124
124
124
123
123
123
124
136
122
124
123
123
133
135
135
123
119
123
134
142
144
153
160
159
139
134
128
133
146
155
155
125
115
113
124
146
152
152
153
134
134
133
140
150
152
151
141
150
153
162
163
163
166
144
142
152
166
177
187
194
200
202
202
202
204
210
217
225
235
244
255
269
289
301
309
313
319
346
367
384
408
433
459
494
525
550
573
593
609
621
632
667
691
707
715
715
718
741
757
762
765
779
790
793
793
783
775
775
792
811
820
820
818
799
799
799
799
799
799
799
792
781
800
824
836
823
820
815
812
800
793
791
791
791
792
768
768
766
762
762
762
748
747
741
728
714
701
689
679
674
667
655
645
637
627
607
590
575
565
568
559
558
557
541
534
537
537
526
521
521
517
517
526
535
536
532
523
527
529
537
545
551
549
534
529
528
522
522
523
506
492
491
490
491
485
477
471
457
443
441
441
439
437
424
413
402
395
389
383
375
361
344
331
325
325
326
317
305
292
277
261
240
224
212
197
181
177
176
167
155
150
149
140
120
119
121
121
120
121
121
138
134
141
143
145
147
149
134
112
99
100
102
111
123
145
106
96
93
93
94
96
96
96
95
96
96
96
104
107
117
6
129
49
54
71
91
98
115
93
97
107
74
47
52
107
113
98
96
95
95
102
79
77
108
133
138
123
128
123
133
121
104
105
109
95
124
156
131
141
147
135
138
148
153
134
165
144
138
138
148
138
118
116
115
117
122
131
137
132
134
134
135
146
156
151
128
133
140
155
156
131
129
148
139
142
139
136
146
139
148
140
141
142
128
129
132
140
156
134
139
147
156
162
164
143
142
136
134
134
131
131
133
142
155
172
197
186
191
217
244
271
304
337
347
355
352
361
373
383
392
393
390
388
388
381
375
385
392
376
384
374
371
369
360
385
384
383
385
365
359
347
348
382
400
415
414
400
377
354
338
319
302
280
248
233
208
202
202
196
177
167
152
141
140
141
151
171
191
203
204
224
200
203
237
261
277
289
270
226
178
152
128
126
124
153
175
173
173
189
169
148
150
137
154
138
151
153
133
150
141
126
130
138
132
151
152
151
160
148
144
152
144
140
152
158
152
168
147
135
127
123
133
136
138
127
119
131
129
121
125
113
122
134
132
124
126
127
122
119
122
122
119
116
101
118
134
120
136
130
116
133
124
127
112
113
104
113
114
115
135
132
131
145
143
139
106
91
69
64
96
119
140
151
155
151
128
117
117
117
113
108
111
101
110
96
95
99
98
43
146
149
154
137
134
133
132
133
131
132
164
139
139
141
143
144
150
168
160
121
126
128
129
129
129
123
116
115
121
126
113
115
117
114
94
92
94
95
109
121
136
140
140
140
132
125
124
127
131
121
121
121
118
118
128
138
130
122
122
113
105
91
105
105
106
105
106
106
106
106
106
106
107
108
109
110
111
115
148
170
198
166
122
117
115
114
137
151
144
149
126
126
126
126
125
124
109
133
151
159
150
144
143
149
160
160
162
164
146
128
122
118
123
112
98
103
110
130
144
141
109
100
96
88
75
80
107
120
130
127
98
98
105
129
140
141
104
91
89
97
130
131
117
96
96
121
125
125
126
126
125
125
127
115
115
98
111
114
109
106
105
97
97
101
93
87
93
101
86
94
102
112
100
107
115
110
110
118
117
107
97
93
83
76
89
105
114
115
101
98
95
110
121
123
109
108
104
99
88
88
101
107
90
98
102
88
97
88
81
81
90
90
99
95
89
101
93
98
105
98
98
107
92
93
105
81
105
115
95
108
117
129
132
136
143
147
118
99
84
85
117
134
137
118
98
107
132
141
140
133
116
113
111
110
78
85
111
83
113
100
111
99
80
75
62
77
73
87
101
70
95
91
83
93
62
48
43
56
84
107
128
138
112
90
87
75
89
