100
110
110
110
110
110
109
110
110
110
110
110
110
110
110
110
110
110
113
113
113
144
153
153
148
135
132
132
136
145
145
135
126
114
108
116
123
124
125
141
140
142
137
129
116
114
124
137
134
126
122
120
127
113
114
99
99
119
140
146
146
138
138
140
150
154
146
137
135
135
147
161
162
153
153
154
158
169
160
161
163
156
150
156
169
176
167
143
146
160
168
169
175
197
225
233
245
250
261
276
283
287
296
301
313
329
344
358
364
373
381
400
411
422
425
432
444
457
476
501
521
535
544
554
558
567
573
584
588
590
592
574
546
523
518
550
571
575
575
574
573
561
557
548
572
587
589
567
564
562
553
559
569
568
577
552
533
520
508
494
490
506
519
518
518
501
494
493
487
471
462
455
448
441
430
425
425
424
418
414
408
401
391
386
381
384
399
409
407
394
391
392
383
368
360
359
354
353
354
357
356
356
355
347
336
331
331
331
323
311
305
302
297
283
270
255
248
244
240
240
240
240
241
240
240
232
225
224
222
216
205
197
196
191
184
181
176
174
169
157
155
155
150
147
144
134
123
114
110
110
110
111
111
119
132
132
132
120
115
112
128
142
142
135
145
135
127
125
111
107
116
121
121
120
121
120
120
121
123
120
120
120
123
114
114
113
112
114
36
136
137
136
136
136
136
136
137
137
136
137
137
137
137
141
141
140
139
139
139
139
139
140
140
141
126
131
140
142
142
143
147
143
146
118
121
117
93
123
145
144
153
153
152
151
138
137
146
147
149
149
141
139
142
138
129
107
114
114
95
91
85
85
85
110
113
121
129
133
138
138
137
139
138
145
148
149
152
158
163
165
169
171
174
179
183
193
203
212
216
229
233
239
248
266
287
298
306
309
306
305
306
317
325
334
344
352
372
393
406
417
427
438
449
460
473
490
508
524
538
551
563
567
561
558
558
560
540
532
527
527
524
522
500
497
531
552
566
580
587
589
592
573
554
545
542
550
563
562
559
544
536
530
522
522
521
516
509
499
491
486
483
478
472
469
461
454
449
438
427
421
418
418
418
417
413
412
412
412
405
400
394
388
384
378
372
368
360
354
345
333
324
318
319
332
363
363
342
330
330
331
343
351
349
336
329
317
309
308
301
289
284
277
263
253
252
252
252
247
237
233
226
215
207
207
199
188
176
165
156
155
155
156
156
155
153
145
145
144
142
141
139
130
125
117
112
113
139
110
133
103
85
69
81
91
101
115
122
126
131
132
113
113
125
147
147
146
154
161
162
158
127
118
115
124
128
131
131
121
119
119
119
121
120
119
123
129
123
123
123
124
125
125
125
126
129
129
129
128
123
115
114
114
114
115
123
125
125
125
127
131
133
133
133
133
131
131
131
131
131
131
132
139
141
142
141
120
116
115
115
112
103
100
100
106
109
108
108
108
107
107
106
105
110
113
112
111
115
125
128
131
132
132
133
132
132
133
132
140
144
149
152
154
158
163
167
166
168
169
171
175
181
184
192
200
204
205
210
214
215
215
215
229
253
274
291
302
314
324
325
326
329
337
342
350
353
363
372
382
393
409
416
425
441
463
486
490
496
502
510
530
549
559
563
563
564
572
573
573
573
575
579
582
583
583
582
583
584
582
582
581
575
572
572
572
572
541
541
540
541
541
541
540
540
540
540
531
519
512
512
510
501
493
490
487
479
473
470
466
462
452
447
445
441
431
430
428
421
401
401
402
401
378
376
377
377
377
377
377
378
359
358
349
341
334
333
337
340
341
343
343
334
312
309
306
297
295
285
270
261
252
246
245
245
245
241
229
228
219
210
200
192
186
181
172
165
163
163
163
163
162
162
156
152
152
149
135
131
132
128
125
124
124
124
124
124
125
124
124
105
99
134
157
140
134
128
129
123
117
100
93
99
109
118
118
120
130
140
135
130
129
130
124
124
125
116
111
111
116
122
127
127
127
127
127
133
132
133
133
133
134
134
134
134
134
133
134
134
133
133
133
133
133
133
133
143
142
142
142
132
132
132
132
124
120
124
130
137
136
136
122
119
118
118
122
125
130
134
142
148
148
145
143
143
142
142
137
133
130
130
130
131
137
142
150
154
137
134
132
128
132
140
140
140
140
140
140
149
150
151
151
151
151
154
159
168
171
175
174
174
178
186
190
192
194
202
211
222
229
235
241
245
254
270
285
296
304
308
327
341
349
360
378
398
417
432
448
465
481
503
526
543
554
564
573
577
586
597
601
601
594
593
589
588
588
587
585
601
606
600
593
579
580
584
606
605
605
591
588
588
588
586
577
569
568
569
568
566
551
543
540
535
527
521
516
512
507
497
484
476
472
469
469
468
457
451
448
441
432
426
419
410
398
388
383
378
377
398
409
402
392
379
375
373
368
363
347
344
342
371
395
399
386
378
369
356
346
339
330
324
324
325
324
323
316
312
308
300
295
286
273
262
256
253
250
249
242
237
233
228
228
228
214
199
199
190
184
184
168
167
164
155
153
151
143
132
133
133
132
133
133
129
126
126
126
113
112
108
112
128
140
141
124
117
116
131
125
121
108
107
108
111
122
131
131
115
112
112
114
114
114
119
125
126
125
125
126
127
127
127
126
126
126
101
101
101
101
105
105
105
105
105
111
113
113
113
113
113
113
112
112
112
111
111
111
105
111
127
128
128
128
128
128
128
130
131
132
140
148
150
143
134
134
142
151
154
147
139
138
142
153
155
152
152
151
146
145
142
127
121
122
136
142
143
141
141
141
141
141
145
148
148
149
151
161
162
162
157
152
152
156
157
173
184
192
200
202
198
198
198
199
202
217
225
229
232
237
238
249
266
275
281
286
296
313
321
332
344
357
367
381
392
399
407
421
436
450
463
472
481
497
513
529
542
554
564
573
578
587
589
588
583
578
577
577
578
585
584
582
578
572
572
572
591
603
604
591
590
590
590
587
582
575
575
563
549
542
539
539
534
532
532
531
527
512
503
497
487
482
478
470
464
457
447
439
437
435
432
415
404
397
390
389
389
389
389
388
386
395
400
399
396
397
389
376
368
362
357
357
357
357
358
357
357
357
356
352
344
336
336
336
335
322
314
311
305
304
300
286
282
280
264
254
246
243
236
223
207
198
191
188
186
186
186
185
176
171
161
161
156
156
156
156
147
134
134
134
134
134
135
133
128
128
133
126
126
133
135
142
137
145
129
126
134
143
144
133
133
134
139
139
147
136
134
124
121
124
128
129
129
121
122
126
116
127
127
127
122
116
116
128
113
113
111
111
111
121
128
132
133
126
126
126
128
119
117
107
110
114
114
121
131
138
143
132
129
128
127
124
114
108
111
117
124
129
136
148
154
126
123
123
142
148
148
129
129
129
131
141
137
130
130
130
130
129
124
117
130
139
141
132
127
119
118
133
143
143
148
136
133
131
138
147
148
145
140
129
147
154
147
147
144
130
138
144
142
147
150
137
149
157
161
150
150
156
171
180
182
176
160
152
145
137
133
132
134
146
157
160
160
153
145
152
167
182
196
214
237
252
264
272
279
284
294
300
308
330
344
348
325
299
290
291
291
313
332
339
325
315
315
315
326
342
351
336
321
317
314
313
302
284
280
280
251
231
230
243
258
264
270
270
255
254
249
233
222
201
189
181
170
151
150
150
150
150
147
126
126
126
125
126
126
136
143
143
143
141
136
136
139
149
155
156
155
154
151
149
149
149
149
149
145
135
135
134
132
129
123
118
117
107
105
103
103
109
111
113
113
113
112
110
110
110
109
107
106
107
109
107
107
109
108
107
107
107
107
104
101
100
99
101
111
117
123
124
115
111
112
136
147
148
147
135
126
126
123
122
122
121
121
121
116
103
100
91
87
86
86
87
87
86
87
87
87
90
101
101
101
101
92
92
93
104
106
106
105
105
104
104
105
105
105
105
105
105
105
105
105
105
107
106
106
106
106
106
114
113
113
113
99
109
112
106
105
103
104
97
99
99
99
99
104
105
111
111
109
108
108
108
108
108
108
106
106
106
105
106
105
105
105
105
103
101
101
101
101
101
101
101
101
101
101
101
101
101
101
100
97
95
94
95
105
106
105
94
94
94
94
95
98
99
100
100
100
95
95
99
95
109
104
111
111
102
94
94
92
95
107
107
102
95
111
109
107
105
104
97
97
104
96
101
106
112
113
105
107
112
111
102
103
100
97
94
95
106
106
103
106
95
95
94
91
107
106
106
102
99
109
99
97
102
100
96
92
91
103
107
96
105
105
103
97
95
89
85
97
98
94
95
94
96
96
99
106
105
103
99
97
93
103
96
100
103
95
95
90
90
92
93
103
103
97
93
93
92
92
86
84
79
81
109
101
94
94
90
88
87
88
93
91
87
91
92
89
89
93
90
89
94
90
93
101
96
99
94
92
91
95
94
91
92
90
92
91
98
96
93
87
92
91
90
92
100
102
105
116
109
108
108
108
108
108
108
108
109
108
96
95
98
117
106
102
100
109
109
109
110
113
112
112
112
113
114
113
113
111
99
99
106
116
117
118
117
116
115
115
117
112
108
108
107
111
128
117
123
124
111
